Day 0:
0 0 0 0 0 0 0 0 1 0 0 0 1 0 0 0 0 0 0 0 
0 0 0 0 0 0 0 0 1 0 0 1 0 0 0 0 0 0 0 0 
0 0 0 1 1 1 0 0 0 0 1 1 1 0 1 0 0 0 0 0 
0 0 0 0 0 0 0 0 0 0 0 0 0 0 1 0 0 0 0 1 
0 0 0 0 0 0 0 0 0 0 0 0 0 0 0 0 0 0 0 0 
0 0 0 0 0 0 0 0 0 1 1 1 0 0 0 0 0 1 1 0 
0 0 0 0 0 0 1 1 0 1 0 0 0 0 0 0 0 0 0 0 
0 1 1 1 1 0 0 1 0 0 0 0 0 0 0 0 0 0 0 0 
0 1 0 0 0 0 0 1 0 0 0 1 1 0 0 0 0 0 0 0 
1 1 0 0 1 0 1 1 1 1 1 0 1 0 0 0 0 0 0 0 
0 1 0 0 0 1 1 1 1 1 0 0 0 1 1 0 0 0 0 0 
0 0 0 0 0 0 0 0 0 0 0 0 0 1 0 0 0 1 1 0 
0 0 0 0 0 0 0 0 1 1 0 0 0 1 1 0 0 1 0 0 
0 0 0 0 0 0 0 0 0 1 0 0 0 0 0 0 0 0 0 0 
0 0 0 0 0 0 0 0 0 0 0 0 0 0 0 0 0 0 0 0 
Day 1:
0 0 0 0 0 0 0 1 1 1 0 1 1 0 0 0 0 0 0 0 
0 0 0 0 0 1 0 0 1 1 1 1 1 0 0 0 0 0 0 0 
0 0 1 1 1 1 0 0 1 0 1 1 1 1 1 1 0 0 0 0 
0 0 0 0 0 1 0 0 0 0 0 1 1 0 1 0 0 0 0 1 
0 0 0 0 0 0 0 0 0 0 0 0 0 0 0 0 0 0 0 0 
0 0 0 0 0 0 0 0 0 1 1 1 0 0 0 0 1 1 1 0 
0 0 0 1 0 1 1 1 1 1 0 0 0 0 0 0 0 0 0 0 
0 1 1 1 1 0 0 1 1 1 0 0 0 0 0 0 0 0 0 0 
0 1 1 1 0 0 0 1 0 0 1 1 1 1 0 0 0 0 0 0 
1 1 0 0 1 1 1 1 1 1 1 1 1 1 0 0 0 0 0 0 
1 1 0 0 0 1 1 1 1 1 1 0 0 1 1 0 0 0 0 0 
0 0 0 0 0 1 1 0 1 1 0 0 0 1 1 0 0 1 1 0 
0 0 0 0 0 0 0 0 1 1 1 0 1 1 1 0 1 1 0 0 
0 0 0 0 0 0 0 0 1 1 1 0 0 1 1 0 0 1 0 0 
0 0 0 0 0 0 0 0 0 1 0 0 0 0 0 0 0 0 0 0 
Day 2:
0 0 0 0 0 0 0 1 0 1 1 1 0 1 0 0 0 0 0 0 
0 0 1 1 0 1 1 0 0 1 1 0 1 1 1 1 0 0 0 0 
0 1 1 0 0 0 0 0 1 1 0 0 0 1 0 1 0 0 0 1 
0 0 1 1 0 1 0 0 0 0 0 1 1 0 0 0 0 0 0 0 
0 0 0 0 0 1 0 0 0 0 0 1 0 0 0 0 1 0 1 1 
0 0 0 0 0 0 0 0 0 0 0 0 1 0 0 0 1 0 0 0 
0 1 0 1 1 1 0 0 1 0 1 0 0 0 0 0 0 0 0 0 
0 0 0 0 0 1 0 0 1 1 0 0 0 0 0 0 0 0 0 0 
1 0 1 1 1 0 0 0 1 0 1 0 0 1 0 0 0 0 0 0 
0 0 1 1 0 1 0 0 0 0 0 1 0 1 1 0 0 0 0 0 
1 0 0 0 0 0 0 0 0 0 1 0 1 0 0 1 0 0 0 0 
1 0 0 0 1 1 1 1 1 1 1 0 1 0 1 1 1 0 0 0 
0 0 0 0 0 0 0 0 0 0 1 0 1 0 0 1 1 0 1 0 
0 0 0 0 0 0 0 1 1 0 1 1 0 1 1 0 0 1 1 0 
0 0 0 0 0 0 0 0 1 1 1 0 0 0 0 0 0 0 0 0 
Day 3:
0 0 0 0 0 0 1 0 1 0 1 0 1 1 0 0 0 0 0 0 
0 0 1 1 1 0 1 0 0 0 0 1 0 1 1 1 0 0 0 1 
0 1 0 1 0 1 0 0 0 1 1 0 1 0 1 0 0 0 1 1 
0 0 1 1 1 0 0 0 0 1 0 0 0 0 0 0 0 0 0 0 
0 0 0 1 0 1 1 0 0 0 0 1 1 0 0 1 1 0 1 1 
0 0 0 0 0 1 0 0 0 0 1 1 1 0 0 0 0 1 1 0 
1 1 0 0 1 0 1 0 0 1 1 0 0 0 0 0 0 0 0 0 
0 0 0 1 1 1 1 1 0 0 1 0 0 0 0 0 0 0 0 0 
1 0 0 0 1 1 0 0 1 1 0 1 1 0 1 0 0 0 0 0 
1 0 1 1 1 0 0 0 0 0 1 0 0 0 1 1 0 0 0 0 
0 1 1 1 0 0 0 1 0 0 0 1 1 1 1 1 1 0 0 0 
1 1 0 1 1 0 0 1 0 0 1 1 1 0 0 1 1 0 1 0 
0 0 0 0 0 0 0 0 0 1 0 1 0 1 1 1 0 1 1 1 
0 0 0 0 0 0 0 1 0 0 0 1 0 0 0 1 0 0 1 1 
0 0 0 0 0 0 0 1 1 0 1 1 0 1 1 0 0 0 1 0 
Day 4:
0 0 1 1 0 0 1 1 1 1 0 1 1 0 0 0 0 0 0 1 
0 1 0 0 1 1 0 0 0 0 1 1 1 0 0 0 1 0 1 1 
0 0 1 1 1 1 1 0 1 0 1 1 1 1 1 1 0 1 1 0 
0 0 0 0 1 1 1 0 0 1 1 1 0 0 0 0 0 0 1 0 
0 0 1 1 1 0 1 0 0 0 0 0 1 1 0 1 0 1 0 0 
0 0 0 0 0 1 1 0 0 0 1 1 0 0 0 0 0 1 1 1 
1 0 1 1 0 1 1 0 1 1 0 0 1 0 0 0 0 0 1 0 
1 0 0 1 1 0 1 1 0 1 1 1 0 0 1 0 0 0 0 0 
0 0 1 1 0 1 1 1 0 1 1 1 1 1 1 1 0 0 0 0 
1 1 0 0 1 1 0 0 0 1 1 1 1 1 0 1 1 0 0 0 
1 1 1 1 0 0 0 1 0 0 1 1 0 1 1 0 1 0 0 0 
0 1 1 1 0 0 0 0 0 1 0 1 0 1 1 0 0 0 1 1 
0 0 0 0 0 0 0 1 1 1 1 1 1 1 1 0 1 1 0 1 
0 0 0 0 0 0 0 0 0 0 1 0 0 1 1 1 0 1 0 1 
0 0 0 0 0 0 0 1 0 1 0 1 0 1 1 0 0 1 1 1 
Day 5:
0 1 1 1 0 0 0 1 0 1 1 1 0 0 0 0 1 0 0 1 
0 1 1 1 0 1 1 1 0 1 1 0 1 1 0 1 1 1 1 0 
0 0 1 0 1 0 1 0 1 1 0 1 0 1 0 1 1 1 0 1 
0 0 0 0 0 1 1 0 0 0 1 1 1 1 0 0 0 0 1 1 
0 0 1 0 1 1 0 1 0 0 0 1 0 1 0 0 0 1 1 0 
1 0 0 1 1 0 1 0 0 0 0 0 1 0 0 1 1 0 0 1 
0 1 1 1 1 1 0 1 1 0 1 1 1 1 0 0 0 0 1 1 
1 0 1 0 0 1 0 0 1 1 0 1 1 1 1 1 0 0 0 0 
1 0 1 1 1 0 1 1 0 0 1 0 0 1 0 1 1 0 0 0 
0 1 1 1 0 1 0 1 0 1 0 1 1 1 1 0 1 0 0 0 
1 0 0 0 1 0 1 0 0 1 1 0 1 0 0 1 0 1 0 1 
1 0 1 0 1 0 0 1 1 1 1 0 1 1 1 1 1 0 0 1 
0 1 1 0 0 0 0 1 1 0 1 0 1 0 0 0 1 0 1 0 
0 0 0 0 0 0 0 1 1 1 1 0 1 1 1 0 1 1 0 0 
0 0 0 0 0 0 0 0 1 1 1 0 1 0 0 0 0 1 0 1 
Day 6:
0 1 0 0 1 0 1 0 0 0 1 0 0 0 0 1 1 1 1 0 
0 0 1 1 1 0 1 1 1 1 0 1 0 1 1 1 0 1 0 1 
0 0 0 1 0 1 0 1 0 1 1 0 1 0 1 0 1 0 1 1 
0 0 0 0 1 0 0 0 0 1 0 0 1 1 0 0 0 1 0 1 
1 0 0 1 0 1 1 1 0 0 0 1 1 0 1 0 1 0 1 1 
1 1 1 1 1 1 0 1 0 0 1 1 1 1 1 1 1 1 1 0 
1 1 0 0 1 0 1 1 0 1 1 1 0 1 1 0 0 1 0 1 
0 1 1 0 0 1 0 0 1 0 1 0 1 1 0 1 0 0 1 0 
1 1 0 0 1 1 0 0 1 1 0 0 1 0 1 0 1 0 0 0 
1 0 1 1 1 0 1 1 0 0 1 0 0 0 1 1 0 0 0 0 
0 0 1 1 1 1 1 1 0 1 0 1 1 0 1 1 1 1 1 1 
1 1 0 1 1 0 0 1 1 0 1 1 1 0 0 1 1 1 1 0 
1 1 1 0 0 0 1 0 0 1 0 1 0 0 0 1 0 1 1 1 
0 0 1 0 0 0 1 1 1 1 0 1 1 0 0 1 1 0 1 0 
0 0 0 0 0 0 0 1 1 0 1 0 1 0 0 0 1 0 0 0 
Day 7:
1 0 1 0 1 0 1 1 0 1 0 0 0 0 1 1 0 1 1 0 
0 1 0 0 1 1 0 0 1 0 1 1 1 0 1 0 1 0 1 1 
0 0 1 1 1 1 0 1 1 0 1 1 1 1 1 1 0 1 1 0 
0 0 0 1 1 1 0 1 0 1 1 1 0 0 1 0 1 1 1 0 
1 1 1 1 1 0 1 0 0 1 1 0 1 1 1 1 1 1 0 1 
0 1 1 0 0 1 1 1 0 1 1 1 0 1 1 0 0 1 1 1 
1 0 1 1 0 1 1 0 1 1 0 0 1 0 1 0 0 1 1 0 
0 1 0 1 1 0 0 0 0 1 1 1 0 0 1 0 1 1 1 1 
0 1 1 1 0 1 1 0 1 1 1 0 1 0 1 1 0 0 1 0 
1 1 0 0 1 1 1 0 0 1 1 0 0 0 0 1 1 1 1 1 
0 1 1 1 0 1 0 1 1 0 1 1 0 1 1 0 1 0 1 0 
0 1 1 1 0 0 1 0 0 1 0 1 0 1 0 0 0 1 1 1 
1 0 0 0 0 0 1 0 1 1 1 1 1 0 0 1 1 1 0 1 
0 1 1 0 0 0 1 0 0 0 1 1 0 0 0 1 0 1 1 1 
0 0 1 0 0 0 1 1 0 1 0 1 0 0 0 0 1 1 0 0 
Day 8:
1 1 1 0 0 1 0 1 1 1 0 0 1 1 1 0 1 0 0 1 
0 1 1 1 0 1 0 1 0 1 1 0 1 0 0 1 1 1 1 0 
0 1 1 0 1 0 1 0 1 0 0 1 0 1 0 1 1 1 0 0 
0 1 1 1 0 1 1 1 1 0 1 1 1 1 1 1 1 0 1 1 
0 1 1 0 1 1 0 1 0 1 1 1 0 1 0 1 0 1 1 0 
1 0 0 1 1 0 1 0 1 1 0 0 1 0 0 1 1 0 0 1 
0 1 1 1 1 1 0 1 1 0 0 1 1 1 0 1 1 0 1 1 
1 0 1 1 1 1 0 0 1 1 0 1 1 1 1 1 1 1 0 1 
1 0 1 1 1 0 1 0 0 0 1 0 0 0 0 1 1 0 1 1 
0 1 1 1 0 1 0 1 1 1 0 1 0 1 1 0 1 1 1 1 
1 1 0 0 1 0 1 0 1 1 1 0 1 1 0 1 0 1 0 1 
0 0 1 0 0 1 1 1 1 1 1 0 1 1 1 0 1 0 0 1 
0 1 0 0 0 0 0 1 1 0 1 0 1 1 1 0 1 0 1 0 
1 1 0 1 0 0 0 0 1 1 1 0 0 0 0 0 1 1 0 1 
0 0 1 1 0 0 1 0 0 1 1 1 1 0 0 1 0 1 1 0 
Day 9:
0 1 0 0 1 1 1 0 1 0 0 0 1 1 0 0 1 1 1 1 
0 0 1 1 1 0 0 1 1 1 0 1 0 1 1 1 0 1 0 1 
0 1 0 1 0 1 1 1 0 0 1 0 1 0 0 0 1 0 1 0 
1 1 1 0 1 0 1 0 1 1 0 0 1 1 0 1 0 1 0 1 
0 0 0 1 0 1 1 1 1 0 0 1 1 0 1 0 1 0 1 1 
1 1 1 1 1 1 0 1 1 0 1 1 1 1 0 1 1 1 1 0 
1 1 0 0 1 0 1 1 0 1 0 1 0 1 0 1 1 1 0 1 
1 1 1 0 0 1 1 0 1 0 1 0 1 1 0 1 0 0 1 0 
1 1 0 0 1 1 0 1 1 1 0 1 1 0 1 0 1 1 0 1 
1 0 1 1 1 0 1 1 1 0 1 1 1 1 1 1 0 0 0 0 
1 0 1 0 1 1 1 1 0 1 0 0 1 0 1 1 1 1 0 1 
1 1 0 1 1 1 0 1 1 0 1 1 1 0 1 1 1 1 1 0 
1 1 1 0 0 0 0 1 0 1 0 1 0 1 1 1 0 1 1 1 
1 0 1 1 0 0 0 0 1 1 0 1 0 0 0 1 1 0 1 0 
0 0 0 1 0 0 0 1 1 0 1 0 1 0 0 1 1 0 1 0 
